10
1: [4, 8, 12, 13, 14, 15, 11, 7, 3, 2, 1, 0]
2: [0, 1, 5, 9, 13, 12, 8, 4]
3: [0, 1, 2, 6, 10, 14, 13, 12, 8, 4]
4: [1, 2, 3, 7, 11, 15, 14, 13, 9, 5]
5: [2, 3, 7, 11, 15, 14, 10, 6]
6: [0, 1, 2, 3, 7, 6, 5, 4]
7: [4, 5, 6, 7, 11, 10, 9, 8]
8: [8, 9, 10, 11, 15, 14, 13, 12]
9: [5, 6, 10, 9]
10: [9, 10, 6, 5]
16
0
0: []
1: [1, 3, 6, 5]
2: [3, 6, 5]
3: [6, 5]
4: [5, 1, 6, 3]
5: [1, 6]
6: [3, 6]
7: [6, 5]
8: [5, 1, 3]
9: [1]
10: [3]
11: [5]
12: [5, 1, 3]
13: [1, 5, 3]
14: [3, 5]
15: [5]
1
0: [5, 1, 6, 3]
1: []
2: [3, 4, 6, 5]
3: [4, 6, 5]
4: [5, 1, 6, 3]
5: [1, 6, 4]
6: [3, 6]
7: [4, 6, 5]
8: [5, 1, 3]
9: [1, 4]
10: [3]
11: [4, 5]
12: [1, 5, 3]
13: [1, 3, 5, 4]
14: [3, 4, 5]
15: [4, 5]
2
0: [5, 6, 3]
1: [5, 6, 3, 4]
2: []
3: [2, 4, 6, 5]
4: [5, 6, 3]
5: [6, 4]
6: [3, 6, 2]
7: [2, 4, 6, 5]
8: [5, 3]
9: [4]
10: [3, 2]
11: [2, 4, 5]
12: [3, 5]
13: [3, 4, 5]
14: [3, 2, 4, 5]
15: [2, 4, 5]
3
0: [5, 6]
1: [5, 6, 4]
2: [5, 2, 6, 4]
3: []
4: [5, 6]
5: [6, 4]
6: [6, 2]
7: [2, 4, 6, 5]
8: [5]
9: [4]
10: [2]
11: [2, 4, 5]
12: [5]
13: [4, 5]
14: [2, 4, 5]
15: [2, 4, 5]
4
0: [1, 3, 6, 5]
1: [1, 3, 6, 5]
2: [3, 6, 5]
3: [6, 5]
4: []
5: [7, 1, 6]
6: [7, 3, 6]
7: [7, 6, 5]
8: [5, 1, 7, 3]
9: [1, 7]
10: [3, 7]
11: [7, 5]
12: [5, 1, 3]
13: [5, 1, 3]
14: [5, 3]
15: [5]
5
0: [6, 1]
1: [4, 6, 1]
2: [4, 6]
3: [4, 6]
4: [6, 1, 7]
5: []
6: [7, 9, 10, 6]
7: [7, 4, 6]
8: [1, 7]
9: [1, 10, 9, 7, 4]
10: [9, 10, 7]
11: [7, 4]
12: [1]
13: [1, 4]
14: [4]
15: [4]
6
0: [6, 3]
1: [6, 3]
2: [2, 6, 3]
3: [2, 6]
4: [6, 3, 7]
5: [6, 10, 9, 7]
6: []
7: [7, 2, 6]
8: [3, 7]
9: [9, 10, 7]
10: [3, 9, 7, 10, 2]
11: [7, 2]
12: [3]
13: [3]
14: [3, 2]
15: [2]
7
0: [5, 6]
1: [5, 6, 4]
2: [5, 2, 6, 4]
3: [5, 2, 6, 4]
4: [6, 5, 7]
5: [6, 4, 7]
6: [6, 2, 7]
7: []
8: [7, 5]
9: [7, 4]
10: [7, 2]
11: [2, 4, 7, 5]
12: [5]
13: [4, 5]
14: [2, 4, 5]
15: [2, 4, 5]
8
0: [1, 3, 5]
1: [1, 3, 5]
2: [3, 5]
3: [5]
4: [1, 3, 7, 5]
5: [7, 1]
6: [7, 3]
7: [7, 5]
8: []
9: [8, 1, 7]
10: [8, 3, 7]
11: [8, 5, 7]
12: [5, 1, 8, 3]
13: [5, 1, 8, 3]
14: [5, 8, 3]
15: [5, 8]
9
0: [1]
1: [4, 1]
2: [4]
3: [4]
4: [7, 1]
5: [4, 9, 7, 10, 1]
6: [9, 10, 7]
7: [4, 7]
8: [7, 1, 8]
9: []
10: [8, 10, 9, 7]
11: [8, 4, 7]
12: [1, 8]
13: [1, 8, 4]
14: [8, 4]
15: [8, 4]
10
0: [3]
1: [3]
2: [2, 3]
3: [2]
4: [7, 3]
5: [9, 10, 7]
6: [2, 10, 9, 7, 3]
7: [2, 7]
8: [7, 3, 8]
9: [7, 9, 10, 8]
10: []
11: [8, 2, 7]
12: [3, 8]
13: [3, 8]
14: [3, 8, 2]
15: [8, 2]
11
0: [5]
1: [5, 4]
2: [5, 2, 4]
3: [5, 2, 4]
4: [7, 5]
5: [4, 7]
6: [2, 7]
7: [5, 2, 7, 4]
8: [7, 8, 5]
9: [7, 4, 8]
10: [7, 2, 8]
11: []
12: [8, 5]
13: [4, 8, 5]
14: [2, 4, 8, 5]
15: [2, 4, 8, 5]
12
0: [1, 3, 5]
1: [1, 3, 5]
2: [3, 5]
3: [5]
4: [1, 3, 5]
5: [1]
6: [3]
7: [5]
8: [1, 3, 8, 5]
9: [8, 1]
10: [8, 3]
11: [5, 8]
12: []
13: [5, 1, 8, 3]
14: [5, 8, 3]
15: [5, 8]
13
0: [1, 3, 5]
1: [4, 1, 3, 5]
2: [4, 3, 5]
3: [4, 5]
4: [1, 3, 5]
5: [4, 1]
6: [3]
7: [5, 4]
8: [1, 3, 8, 5]
9: [4, 8, 1]
10: [8, 3]
11: [5, 8, 4]
12: [1, 3, 8, 5]
13: []
14: [5, 8, 3, 4]
15: [5, 8, 4]
14
0: [3, 5]
1: [4, 3, 5]
2: [2, 4, 5, 3]
3: [2, 5, 4]
4: [3, 5]
5: [4]
6: [2, 3]
7: [5, 2, 4]
8: [3, 8, 5]
9: [4, 8]
10: [2, 8, 3]
11: [5, 2, 8, 4]
12: [3, 8, 5]
13: [3, 4, 8, 5]
14: []
15: [5, 2, 8, 4]
15
0: [5]
1: [4, 5]
2: [2, 5, 4]
3: [5, 2, 4]
4: [5]
5: [4]
6: [2]
7: [5, 2, 4]
8: [8, 5]
9: [4, 8]
10: [2, 8]
11: [5, 2, 8, 4]
12: [8, 5]
13: [4, 8, 5]
14: [2, 4, 8, 5]
15: []
